Debug: matrice somma 
[[ 0.  0.  0.  0.  1.  0.  0.  1.  0.  0.]
 [ 2.  0.  0.  0.  0.  0.  0.  0.  0.  0.]
 [ 2.  0.  0.  0.  0.  0.  0.  0.  0.  0.]
 [ 2.  0.  0.  0.  0.  0.  0.  0.  0.  0.]
 [ 2.  0.  0.  0.  0.  0.  0.  0.  0.  0.]
 [ 1.  0.  0.  0.  0.  0.  0.  0.  1.  0.]
 [ 2.  0.  0.  0.  0.  0.  0.  0.  0.  0.]
 [ 2.  0.  0.  0.  0.  0.  0.  0.  0.  0.]
 [ 2.  0.  0.  0.  0.  0.  0.  0.  0.  0.]
 [ 2.  0.  0.  0.  0.  0.  0.  0.  0.  0.]
 [ 2.  0.  0.  0.  0.  0.  0.  0.  0.  0.]
 [ 2.  0.  0.  0.  0.  0.  0.  0.  0.  0.]
 [ 1.  0.  1.  0.  0.  0.  0.  0.  0.  0.]
 [ 1.  0.  1.  0.  0.  0.  0.  0.  0.  0.]
 [ 2.  0.  0.  0.  0.  0.  0.  0.  0.  0.]
 [ 1.  0.  0.  0.  0.  0.  0.  0.  0.  1.]
 [ 2.  0.  0.  0.  0.  0.  0.  0.  0.  0.]
 [ 2.  0.  0.  0.  0.  0.  0.  0.  0.  0.]
 [ 2.  0.  0.  0.  0.  0.  0.  0.  0.  0.]
 [ 2.  0.  0.  0.  0.  0.  0.  0.  0.  0.]
 [ 2.  0.  0.  0.  0.  0.  0.  0.  0.  0.]
 [ 2.  0.  0.  0.  0.  0.  0.  0.  0.  0.]]
Debug: matrice somma senza prima colonna
[[ 0.  0.  0.  1.  0.  0.  1.  0.  0.]
 [ 0.  0.  0.  0.  0.  0.  0.  0.  0.]
 [ 0.  0.  0.  0.  0.  0.  0.  0.  0.]
 [ 0.  0.  0.  0.  0.  0.  0.  0.  0.]
 [ 0.  0.  0.  0.  0.  0.  0.  0.  0.]
 [ 0.  0.  0.  0.  0.  0.  0.  1.  0.]
 [ 0.  0.  0.  0.  0.  0.  0.  0.  0.]
 [ 0.  0.  0.  0.  0.  0.  0.  0.  0.]
 [ 0.  0.  0.  0.  0.  0.  0.  0.  0.]
 [ 0.  0.  0.  0.  0.  0.  0.  0.  0.]
 [ 0.  0.  0.  0.  0.  0.  0.  0.  0.]
 [ 0.  0.  0.  0.  0.  0.  0.  0.  0.]
 [ 0.  1.  0.  0.  0.  0.  0.  0.  0.]
 [ 0.  1.  0.  0.  0.  0.  0.  0.  0.]
 [ 0.  0.  0.  0.  0.  0.  0.  0.  0.]
 [ 0.  0.  0.  0.  0.  0.  0.  0.  1.]
 [ 0.  0.  0.  0.  0.  0.  0.  0.  0.]
 [ 0.  0.  0.  0.  0.  0.  0.  0.  0.]
 [ 0.  0.  0.  0.  0.  0.  0.  0.  0.]
 [ 0.  0.  0.  0.  0.  0.  0.  0.  0.]
 [ 0.  0.  0.  0.  0.  0.  0.  0.  0.]
 [ 0.  0.  0.  0.  0.  0.  0.  0.  0.]]
Debug: matrice somma 
[[ 2.  0.  0.  0.  0.  0.  0.  0.  0.  0.]
 [ 1.  1.  0.  0.  0.  0.  0.  0.  0.  0.]
 [ 1.  0.  1.  0.  0.  0.  0.  0.  0.  0.]
 [ 2.  0.  0.  0.  0.  0.  0.  0.  0.  0.]
 [ 1.  0.  1.  0.  0.  0.  0.  0.  0.  0.]
 [ 2.  0.  0.  0.  0.  0.  0.  0.  0.  0.]
 [ 2.  0.  0.  0.  0.  0.  0.  0.  0.  0.]
 [ 1.  0.  1.  0.  0.  0.  0.  0.  0.  0.]
 [ 2.  0.  0.  0.  0.  0.  0.  0.  0.  0.]
 [ 1.  0.  1.  0.  0.  0.  0.  0.  0.  0.]
 [ 2.  0.  0.  0.  0.  0.  0.  0.  0.  0.]
 [ 0.  0.  0.  1.  1.  0.  0.  0.  0.  0.]
 [ 2.  0.  0.  0.  0.  0.  0.  0.  0.  0.]
 [ 1.  0.  0.  0.  0.  1.  0.  0.  0.  0.]
 [ 1.  0.  0.  0.  0.  1.  0.  0.  0.  0.]
 [ 2.  0.  0.  0.  0.  0.  0.  0.  0.  0.]
 [ 1.  0.  0.  0.  0.  0.  1.  0.  0.  0.]
 [ 2.  0.  0.  0.  0.  0.  0.  0.  0.  0.]
 [ 2.  0.  0.  0.  0.  0.  0.  0.  0.  0.]
 [ 1.  0.  1.  0.  0.  0.  0.  0.  0.  0.]
 [ 2.  0.  0.  0.  0.  0.  0.  0.  0.  0.]
 [ 2.  0.  0.  0.  0.  0.  0.  0.  0.  0.]
 [ 2.  0.  0.  0.  0.  0.  0.  0.  0.  0.]]
Debug: matrice somma senza prima colonna
[[ 0.  0.  0.  0.  0.  0.  0.  0.  0.]
 [ 1.  0.  0.  0.  0.  0.  0.  0.  0.]
 [ 0.  1.  0.  0.  0.  0.  0.  0.  0.]
 [ 0.  0.  0.  0.  0.  0.  0.  0.  0.]
 [ 0.  1.  0.  0.  0.  0.  0.  0.  0.]
 [ 0.  0.  0.  0.  0.  0.  0.  0.  0.]
 [ 0.  0.  0.  0.  0.  0.  0.  0.  0.]
 [ 0.  1.  0.  0.  0.  0.  0.  0.  0.]
 [ 0.  0.  0.  0.  0.  0.  0.  0.  0.]
 [ 0.  1.  0.  0.  0.  0.  0.  0.  0.]
 [ 0.  0.  0.  0.  0.  0.  0.  0.  0.]
 [ 0.  0.  1.  1.  0.  0.  0.  0.  0.]
 [ 0.  0.  0.  0.  0.  0.  0.  0.  0.]
 [ 0.  0.  0.  0.  1.  0.  0.  0.  0.]
 [ 0.  0.  0.  0.  1.  0.  0.  0.  0.]
 [ 0.  0.  0.  0.  0.  0.  0.  0.  0.]
 [ 0.  0.  0.  0.  0.  1.  0.  0.  0.]
 [ 0.  0.  0.  0.  0.  0.  0.  0.  0.]
 [ 0.  0.  0.  0.  0.  0.  0.  0.  0.]
 [ 0.  1.  0.  0.  0.  0.  0.  0.  0.]
 [ 0.  0.  0.  0.  0.  0.  0.  0.  0.]
 [ 0.  0.  0.  0.  0.  0.  0.  0.  0.]
 [ 0.  0.  0.  0.  0.  0.  0.  0.  0.]]
Debug: matrice somma 
[[ 2.  0.  0.  0.  0.  0.  0.  0.  0.  0.]
 [ 1.  1.  0.  0.  0.  0.  0.  0.  0.  0.]
 [ 1.  0.  1.  0.  0.  0.  0.  0.  0.  0.]
 [ 2.  0.  0.  0.  0.  0.  0.  0.  0.  0.]
 [ 1.  0.  1.  0.  0.  0.  0.  0.  0.  0.]
 [ 2.  0.  0.  0.  0.  0.  0.  0.  0.  0.]
 [ 2.  0.  0.  0.  0.  0.  0.  0.  0.  0.]
 [ 1.  0.  1.  0.  0.  0.  0.  0.  0.  0.]
 [ 2.  0.  0.  0.  0.  0.  0.  0.  0.  0.]
 [ 1.  0.  1.  0.  0.  0.  0.  0.  0.  0.]
 [ 2.  0.  0.  0.  0.  0.  0.  0.  0.  0.]
 [ 0.  0.  0.  1.  1.  0.  0.  0.  0.  0.]
 [ 2.  0.  0.  0.  0.  0.  0.  0.  0.  0.]
 [ 1.  0.  0.  0.  0.  1.  0.  0.  0.  0.]
 [ 1.  0.  0.  0.  0.  1.  0.  0.  0.  0.]
 [ 2.  0.  0.  0.  0.  0.  0.  0.  0.  0.]
 [ 1.  0.  0.  0.  0.  0.  1.  0.  0.  0.]
 [ 2.  0.  0.  0.  0.  0.  0.  0.  0.  0.]
 [ 2.  0.  0.  0.  0.  0.  0.  0.  0.  0.]
 [ 1.  0.  1.  0.  0.  0.  0.  0.  0.  0.]
 [ 2.  0.  0.  0.  0.  0.  0.  0.  0.  0.]
 [ 2.  0.  0.  0.  0.  0.  0.  0.  0.  0.]
 [ 2.  0.  0.  0.  0.  0.  0.  0.  0.  0.]]
Debug: matrice somma senza prima colonna
[[ 0.  0.  0.  0.  0.  0.  0.  0.  0.]
 [ 1.  0.  0.  0.  0.  0.  0.  0.  0.]
 [ 0.  1.  0.  0.  0.  0.  0.  0.  0.]
 [ 0.  0.  0.  0.  0.  0.  0.  0.  0.]
 [ 0.  1.  0.  0.  0.  0.  0.  0.  0.]
 [ 0.  0.  0.  0.  0.  0.  0.  0.  0.]
 [ 0.  0.  0.  0.  0.  0.  0.  0.  0.]
 [ 0.  1.  0.  0.  0.  0.  0.  0.  0.]
 [ 0.  0.  0.  0.  0.  0.  0.  0.  0.]
 [ 0.  1.  0.  0.  0.  0.  0.  0.  0.]
 [ 0.  0.  0.  0.  0.  0.  0.  0.  0.]
 [ 0.  0.  1.  1.  0.  0.  0.  0.  0.]
 [ 0.  0.  0.  0.  0.  0.  0.  0.  0.]
 [ 0.  0.  0.  0.  1.  0.  0.  0.  0.]
 [ 0.  0.  0.  0.  1.  0.  0.  0.  0.]
 [ 0.  0.  0.  0.  0.  0.  0.  0.  0.]
 [ 0.  0.  0.  0.  0.  1.  0.  0.  0.]
 [ 0.  0.  0.  0.  0.  0.  0.  0.  0.]
 [ 0.  0.  0.  0.  0.  0.  0.  0.  0.]
 [ 0.  1.  0.  0.  0.  0.  0.  0.  0.]
 [ 0.  0.  0.  0.  0.  0.  0.  0.  0.]
 [ 0.  0.  0.  0.  0.  0.  0.  0.  0.]
 [ 0.  0.  0.  0.  0.  0.  0.  0.  0.]]
Debug: matrice somma 
[[ 0.  0.  0.  0.  1.  0.  0.  1.  0.  0.]
 [ 2.  0.  0.  0.  0.  0.  0.  0.  0.  0.]
 [ 2.  0.  0.  0.  0.  0.  0.  0.  0.  0.]
 [ 2.  0.  0.  0.  0.  0.  0.  0.  0.  0.]
 [ 2.  0.  0.  0.  0.  0.  0.  0.  0.  0.]
 [ 1.  0.  0.  0.  0.  0.  0.  0.  1.  0.]
 [ 2.  0.  0.  0.  0.  0.  0.  0.  0.  0.]
 [ 2.  0.  0.  0.  0.  0.  0.  0.  0.  0.]
 [ 2.  0.  0.  0.  0.  0.  0.  0.  0.  0.]
 [ 2.  0.  0.  0.  0.  0.  0.  0.  0.  0.]
 [ 2.  0.  0.  0.  0.  0.  0.  0.  0.  0.]
 [ 2.  0.  0.  0.  0.  0.  0.  0.  0.  0.]
 [ 1.  0.  1.  0.  0.  0.  0.  0.  0.  0.]
 [ 1.  0.  1.  0.  0.  0.  0.  0.  0.  0.]
 [ 2.  0.  0.  0.  0.  0.  0.  0.  0.  0.]
 [ 1.  0.  0.  0.  0.  0.  0.  0.  0.  1.]
 [ 2.  0.  0.  0.  0.  0.  0.  0.  0.  0.]
 [ 2.  0.  0.  0.  0.  0.  0.  0.  0.  0.]
 [ 2.  0.  0.  0.  0.  0.  0.  0.  0.  0.]
 [ 2.  0.  0.  0.  0.  0.  0.  0.  0.  0.]
 [ 2.  0.  0.  0.  0.  0.  0.  0.  0.  0.]
 [ 2.  0.  0.  0.  0.  0.  0.  0.  0.  0.]]
Debug: matrice somma senza prima colonna
[[ 0.  0.  0.  1.  0.  0.  1.  0.  0.]
 [ 0.  0.  0.  0.  0.  0.  0.  0.  0.]
 [ 0.  0.  0.  0.  0.  0.  0.  0.  0.]
 [ 0.  0.  0.  0.  0.  0.  0.  0.  0.]
 [ 0.  0.  0.  0.  0.  0.  0.  0.  0.]
 [ 0.  0.  0.  0.  0.  0.  0.  1.  0.]
 [ 0.  0.  0.  0.  0.  0.  0.  0.  0.]
 [ 0.  0.  0.  0.  0.  0.  0.  0.  0.]
 [ 0.  0.  0.  0.  0.  0.  0.  0.  0.]
 [ 0.  0.  0.  0.  0.  0.  0.  0.  0.]
 [ 0.  0.  0.  0.  0.  0.  0.  0.  0.]
 [ 0.  0.  0.  0.  0.  0.  0.  0.  0.]
 [ 0.  1.  0.  0.  0.  0.  0.  0.  0.]
 [ 0.  1.  0.  0.  0.  0.  0.  0.  0.]
 [ 0.  0.  0.  0.  0.  0.  0.  0.  0.]
 [ 0.  0.  0.  0.  0.  0.  0.  0.  1.]
 [ 0.  0.  0.  0.  0.  0.  0.  0.  0.]
 [ 0.  0.  0.  0.  0.  0.  0.  0.  0.]
 [ 0.  0.  0.  0.  0.  0.  0.  0.  0.]
 [ 0.  0.  0.  0.  0.  0.  0.  0.  0.]
 [ 0.  0.  0.  0.  0.  0.  0.  0.  0.]
 [ 0.  0.  0.  0.  0.  0.  0.  0.  0.]]
