confusion matrix:
[[ 0.82  0.11  0.01  0.01  0.03  0.02]
 [ 0.3   0.65  0.    0.02  0.01  0.02]
 [ 0.71  0.18  0.04  0.02  0.03  0.02]
 [ 0.32  0.46  0.    0.19  0.01  0.01]
 [ 0.77  0.13  0.01  0.02  0.06  0.01]
 [ 0.37  0.15  0.01  0.01  0.02  0.44]]
accuracy: 0.544426821837
precisions: [0.51331426033248406, 0.60923822302955155, 0.3018543783916488, 0.60986354355527883, 0.30131126636093991, 0.62963050712942159]
recalls: [0.82133435548048173, 0.65181590249405874, 0.041827604444354294, 0.1846525235212475, 0.063383699698794982, 0.43621459437212479]
fmeasures: [0.82133435548048173, 0.65181590249405874, 0.041827604444354294, 0.1846525235212475, 0.063383699698794982, 0.43621459437212479]
